14556
15622
16892
19263
19830
19898
20016
22816
22919
22982
23079
23112
23127
23282
23775
25653
25937
25956
26023
26028
26217
31905
34202
34336
34345
34374
34524
34569
34611
34616
34692
34777
34894
35096
37001
37143
37248
37399
38561
38596
38605
38623
38699
38706
38729
38748
38809
38810
38819
38831
38916
38925
38991
39590
39705
39765
39783
39786
39788
39789
39794
39802
39805
39809
39810
39820
39821
39824
39831
39834
39838
39840
39843
39844
39849
39853
39855
39858
39866
39871
39873
39874
39876
39881
39903
39945
39972
39975
40637
40744
40747
40912
40933
41039
41043
41065
41076
41082
41087
41108
41111
41112
41125
41126
41131
41134
41149
41157
41170
41174
41179
41188
41191
41203
41208
41211
41212
41219
41220
41231
41233
41234
41236
41241
41244
41249
41254
41257
41269
41271
41280
41282
41286
41291
41298
41304
41309
41311
41316
